A = [1 2;
     3 5];
R = [0.6 0.3;
     1   0.2];