






%% Question d)
P_1 = [9.1290, 0.4922, -0.0024, 0.3094;
          0.4922, 11.2293, 0.0509, -0.3592;
         -0.0024, 0.0509, 19.1492, 3.2274;
            0.3094, -0.3592, 3.2774, 29.9009];

P_2 = [8.3155 -0.8373 0.1345 0.4960;
      -0.8373 13.2964 -0.1489 -1.4619;
       0.1345 -0.1489 30.4088 7.6456;
       0.4960 -1.4619 7.6456 29.7231];